50
4
0.06 0.56 0.25 0.31
0.94 0.69 0.19 0.38
10
0.19 0.36 0.06 0.04 0.28 0.23 0.37 0.02 0.46 0.22
0.51 0.71 0.64 0.48 0.97 0.49 0.62 0.61 0.83 0.82
10
0.714 0.152 0.670 0.295 0.991 0.214 0.902 0.911 0.089 0.527
0.366 0.411 0.348 0.161 0.116 0.080 0.062 0.857 0.571 0.196
10
0.47 0.69 0.57 0.99 0.10 0.81 0.94 0.25 0.31 0.12
0.21 0.06 0.45 0.13 0.60 0.22 0.96 0.42 0.08 0.58
10
0.282 0.239 0.940 0.316 0.145 0.974 0.829 0.991 0.444 0.094
0.607 0.171 0.179 0.564 0.624 0.615 0.957 0.735 0.205 0.504
3
0.67 0.92 0.17
0.75 0.50 0.25
10
0.41 0.40 0.31 0.44 0.15 0.47 0.19 0.10 0.29 0.28
0.65 0.96 0.85 0.99 0.93 0.74 0.49 0.56 0.82 0.62
10
0.92 0.08 0.29 0.54 0.75 0.04 0.21 0.17 0.96 0.46
0.87 0.62 0.42 0.50 0.12 0.58 0.79 0.38 0.83 0.25
10
0.79 0.54 0.85 0.31 0.23 0.13 0.25 0.52 0.63 0.37
0.42 0.02 0.38 0.81 0.35 0.33 0.40 0.92 0.71 0.87
10
0.68 0.89 0.69 0.92 0.52 0.93 0.58 0.39 0.99 0.72
0.34 0.28 0.35 0.95 0.96 0.74 0.07 0.15 0.49 0.05
5
0.50 0.59 0.55 0.05 0.86
0.64 0.18 0.91 0.27 0.14
10
0.16 0.44 0.12 0.48 0.40 0.24 0.28 0.36 0.08 0.32
0.96 0.60 0.80 0.92 0.56 0.68 0.52 0.76 0.88 0.72
10
0.34 0.10 0.05 0.22 0.44 0.24 0.32 0.02 0.17 0.37
0.90 0.59 0.73 0.56 0.95 0.71 0.46 0.76 0.98 0.93
3
0.66 0.59 0.97
0.41 0.79 0.72
2
0.25 0.75
0.30 0.45
6
0.87 0.57 0.15 0.62 0.98 0.13
0.67 0.45 0.78 0.72 0.93 0.22
8
0.42 0.52 0.30 0.58 0.06 0.82 0.84 0.90
0.44 0.34 0.72 0.48 0.76 0.04 0.24 0.74
10
0.62 0.36 0.35 0.45 0.59 0.65 0.32 0.15 0.41 0.67
0.74 0.27 0.89 0.64 0.26 0.42 0.80 0.24 0.79 0.18
4
0.33 0.17 0.25 0.08
0.83 0.50 0.75 0.92
4
0.53 0.76 0.59 0.47
0.71 0.88 0.65 0.41
5
0.51 0.78 0.24 0.81 0.49
0.22 0.35 0.41 0.73 0.68
10
0.87 0.85 0.54 0.51 0.62 0.74 0.77 0.95 0.64 0.69
0.05 0.03 0.21 0.18 0.26 0.08 0.15 0.33 0.49 0.28
2
0.2 0.8
0.7 0.5
10
0.09 0.94 0.78 0.95 0.70 0.43 0.80 0.54 0.30 0.05
0.28 0.73 0.34 0.87 0.08 0.96 0.56 0.77 0.69 0.62
10
0.18 0.24 0.14 0.06 0.40 0.48 0.22 0.44 0.04 0.10
0.58 0.96 0.66 0.84 0.74 0.72 0.98 0.92 0.70 0.86
10
0.99 0.54 0.78 0.94 0.09 0.83 0.60 0.27 0.98 0.61
0.53 0.44 0.66 0.86 0.76 0.11 0.07 0.30 0.21 0.68
3
0.78 0.94 0.89
0.61 0.28 0.50
10
0.03 0.53 0.60 0.82 0.16 0.87 0.94 0.54 0.50 0.74
0.44 0.72 0.25 0.31 0.99 0.59 0.18 0.26 0.84 0.09
10
0.21 0.86 0.11 0.44 0.97 0.32 0.62 0.24 0.42 0.89
0.23 0.30 0.26 0.64 0.91 0.82 0.52 0.47 0.59 0.95
9
0.93 0.74 0.14 0.60 0.53 0.48 0.03 0.41 0.81
0.28 0.26 0.62 0.86 0.24 0.19 0.07 0.90 0.55
10
0.35 0.11 0.83 0.34 0.85 0.56 0.66 0.99 0.94 0.49
0.31 0.28 0.90 0.44 0.52 0.17 0.21 0.39 0.46 0.55
1
0.7
0.4
8
0.64 0.36 0.97 0.42 0.14 0.28 0.94 0.61
0.47 0.53 0.17 0.58 0.33 0.81 0.89 0.56
10
0.16 0.45 0.13 0.33 0.07 0.25 0.46 0.17 0.38 0.06
0.65 0.72 0.83 0.54 0.71 0.85 0.93 0.81 0.92 0.49
10
0.069 0.653 0.475 0.891 0.901 0.584 0.446 0.386 0.515 0.436
0.921 0.099 0.644 0.960 0.792 0.980 0.208 0.030 0.782 0.356
5
0.67 0.83 0.17 0.58 0.53
0.44 0.56 0.06 0.69 0.92
10
0.18 0.50 0.32 0.23 0.77 0.91 0.41 0.09 0.95 0.82
0.59 0.05 0.55 0.64 0.36 0.45 0.27 0.14 0.73 0.86
9
0.72 0.86 0.70 0.79 0.95 0.61 0.60 0.66 0.69
0.25 0.30 0.20 0.51 0.44 0.48 0.53 0.45 0.10
1
0.3
0.7
10
0.54 0.65 0.17 0.85 0.13 0.29 0.06 0.94 0.31 0.27
0.96 0.90 0.77 0.21 0.40 0.87 0.79 0.48 0.33 0.83
7
0.50 0.45 0.85 0.75 0.60 0.80 0.95
0.40 0.05 0.20 0.35 0.10 0.15 0.25
10
0.86 0.79 0.52 0.47 0.62 0.74 0.57 0.83 0.78 0.03
0.87 0.31 0.51 0.91 0.56 0.02 0.07 0.27 0.23 0.37
10
0.69 0.92 0.34 0.89 0.82 0.29 0.54 0.84 0.14 0.36
0.35 0.71 0.87 0.60 0.39 0.51 0.61 0.06 0.09 0.65
2
0.68 0.32
0.63 0.53
10
0.66 0.59 0.56 0.90 0.05 0.57 0.24 0.65 0.28 0.81
0.34 0.20 0.37 0.82 0.14 0.86 0.51 0.62 0.78 0.61
10
0.50 0.58 0.13 0.29 0.16 0.61 0.47 0.68 0.63 0.45
0.95 0.08 0.84 0.92 0.66 0.05 0.82 0.32 0.53 0.76
10
0.30 0.26 0.51 0.09 0.91 0.40 0.60 0.98 0.65 0.83
0.69 0.28 0.04 0.20 0.25 0.58 0.16 0.53 0.33 0.79
8
0.75 0.85 0.52 0.83 0.98 0.81 0.65 0.54
0.10 0.25 0.46 0.33 0.19 0.38 0.35 0.37
2
0.21 0.93
0.64 0.50
10
0.34 0.45 0.36 0.02 0.38 0.40 0.19 0.32 0.17 0.28
0.91 0.72 0.62 0.98 0.85 0.66 0.89 0.70 0.53 0.49
