100
472.00000 1.00000 504.00000
229.0 4.0 1561.0
1.05122 3.70875 1999.19814
495.15197 1.32997 1945.21306
407.5 1.0 518.28
320.86087 3.71661 142.78115
141.0 3.1056 476.441
53.1200 1.68 1274.72
494.82852 1.32300 1948.24968
186.0 1.0 366.0
493.02554 1.02354 1998.30544
495.39510 1.45998 1990.98488
130.17281 3.45449 1422.73167
498.63460 1.35609 1965.87572
324.0 2.0 1833.0
496.01212 1.20987 1992.63141
104.0 1.0 1378.0
454.0 2.0 1596.0
21.0 1.47182 571.3
490.05997 1.33741 1979.94246
493.64836 1.00129 1924.34411
496.15449 1.12381 1901.01965
66.57339 1.27163 1248.83880
385.27 4.0000 841.8
112.71506 2.647 2000.0000
42.404 2.0244 1.000
399.26241 1.53283 1999.01866
490.40633 1.31119 1968.66557
469.0 1.0 1661.0
1.05038 3.19907 1999.16605
216.0 2.0 1167.0
280.00000 4.00000 329.00000
496.24544 1.22354 1970.43334
25.69823 3.48581 370.62764
1.06878 3.88289 1999.90251
488.00000 2.00000 976.00000
454.04835 1.16799 58.99318
1.02770 3.47947 1999.66453
441.402 2.20 397.06
494.89156 1.38654 1926.72318
493.73129 1.38221 1956.04764
244.13574 1.04005 1158.36990
99.00000 2.00000 198.00000
497.42260 1.15176 1929.79931
347.1 1.4041 1958.0
1.0 3.0 94.0
40.21768 3.29264 884.06021
497.70659 1.32517 1994.35482
263.58634 3.66676 1599.35887
496.46006 1.03337 1941.22136
39.266 2.12 336.28
496.36466 1.47441 1919.51461
400.0 1.0 412.0
496.67133 1.01723 1917.01874
125.1291 3.859 1718.4
1.09038 2.61810 2.55727
1.0000 3.0 1124.84312
352.00000 3.00000 366.00000
436.976 3.615 119.4265
400.08 1.0683 1038.7
498.39881 1.26614 1943.78904
495.39065 1.06895 1965.35468
492.50352 1.29743 1938.86461
468.22710 2.67380 1215.61534
493.88991 1.48809 1948.51432
15.00000 2.00000 30.00000
211.0 3.9903 763.30
497.36497 1.05455 1939.75819
492.87263 1.18640 1983.54413
320.35355 1.87006 1097.70964
494.24422 1.16623 1926.53710
171.39588 1.76464 1858.94971
85.44156 3.6 262.000
75.82300 3.91245 1323.83926
492.42422 1.43245 1954.44207
500.0 3.8077 727.71
494.16242 1.33835 1933.48322
34.72207 2.35043 1504.04669
493.71398 1.23315 1916.82544
491.34675 1.16014 1980.54840
464.58748 3.16794 1688.68807
498.94009 1.33988 1944.92812
478.56853 2.56490 1414.16430
491.28318 1.39266 1970.93260
193.0 4.0 1802.0
40.300 2.0 4.096
37.52275 3.76166 388.32169
415.45310 1.32636 268.17214
493.81110 1.20804 1938.88813
158.79 1.8556 656.65944
487.0 2.0 121.0
496.95968 1.29511 1977.67736
80.90542 3.80379 1445.22829
492.42314 1.10977 1952.70807
492.40507 1.02800 1932.80687
107.00000 2.00000 214.00000
124.05339 1.57075 57.70950
116.0 4.0 60.0
395.00000 2.00000 433.00000
314.0 4.0 41.0
